0.02586206896551724
0.02586206896551724
0.02586206896551724
0.02586206896551724
0.02586206896551724
0.02586206896551724
0.02586206896551724
0.02586206896551724
0.028846153846153848
0.028846153846153848
0.028846153846153848
0.028846153846153848
0.028846153846153848
0.028846153846153848
0.028846153846153848
0.028846153846153848
0.03
0.03
0.03
0.03
0.03
0.03
0.03
0.03
0.03409090909090909
0.03409090909090909
0.03409090909090909
0.03409090909090909
0.03409090909090909
0.03409090909090909
0.03409090909090909
0.034123222748815164
0.0379746835443038
0.0379746835443038
0.0379746835443038
0.0379746835443038
0.0379746835443038
0.0379746835443038
0.0379746835443038
0.0379746835443038
0.04032258064516129
0.04032258064516129
0.04032258064516129
0.04032258064516129
0.04032258064516129
0.04032258064516129
0.04032258064516129
0.04032258064516129
0.0410958904109589
0.0410958904109589
0.0410958904109589
0.0410958904109589
0.0410958904109589
0.0410958904109589
0.0410958904109589
0.0410958904109589
0.04225352112676056
0.04225352112676056
0.04225352112676056
0.04225352112676056
0.04225352112676056
0.04225352112676056
0.04225352112676056
0.04225352112676056
0.044642857142857144
0.044642857142857144
0.044642857142857144
0.044642857142857144
0.044642857142857144
0.044642857142857144
0.044642857142857144
0.044642857142857144
0.046153846153846156
0.046153846153846156
0.046153846153846156
0.046153846153846156
0.046153846153846156
0.046153846153846156
0.046153846153846156
0.046153846153846156
0.046296296296296294
0.046296296296296294
0.046296296296296294
0.046296296296296294
0.046296296296296294
0.046296296296296294
0.046296296296296294
0.046296296296296294
0.04819277108433735
0.04819277108433735
0.04819277108433735
0.04819277108433735
0.04819277108433735
0.04819277108433735
0.04819277108433735
0.04819277108433735
0.05194805194805195
0.05194805194805195
0.05194805194805195
0.05194805194805195
0.05194805194805195
0.05194805194805195
0.05194805194805195
0.05194805194805195
0.052083333333333336
0.052083333333333336
0.052083333333333336
0.052083333333333336
0.052083333333333336
0.052083333333333336
0.052083333333333336
0.052083333333333336
0.05333333333333334
0.05333333333333334
0.05333333333333334
0.05333333333333334
0.05333333333333334
0.05333333333333334
0.05333333333333334
0.05333333333333334
0.057971014492753624
0.057971014492753624
0.057971014492753624
0.057971014492753624
0.057971014492753624
0.057971014492753624
0.057971014492753624
0.057971014492753624
